12 12
255 255 255 0.041666666666666664 0.041666666666666664 0.041666666666666664 0.9583333333333334 T
120 80 80 0.041666666666666664 0.041666666666666664 0.125 0.9583333333333334 T
255 255 255 0.041666666666666664 0.041666666666666664 0.20833333333333331 0.9583333333333334 T
120 80 80 0.041666666666666664 0.041666666666666664 0.2916666666666667 0.9583333333333334 T
255 255 255 0.041666666666666664 0.041666666666666664 0.375 0.9583333333333334 T
120 80 80 0.041666666666666664 0.041666666666666664 0.4583333333333333 0.9583333333333334 T
255 255 255 0.041666666666666664 0.041666666666666664 0.5416666666666666 0.9583333333333334 T
120 80 80 0.041666666666666664 0.041666666666666664 0.6249999999999999 0.9583333333333334 T
255 255 255 0.041666666666666664 0.041666666666666664 0.7083333333333333 0.9583333333333334 T
120 80 80 0.041666666666666664 0.041666666666666664 0.7916666666666666 0.9583333333333334 T
255 255 255 0.041666666666666664 0.041666666666666664 0.8749999999999999 0.9583333333333334 T
120 80 80 0.041666666666666664 0.041666666666666664 0.9583333333333333 0.9583333333333334 T
120 80 80 0.041666666666666664 0.041666666666666664 0.041666666666666664 0.875 T
255 255 255 0.041666666666666664 0.041666666666666664 0.125 0.875 T
120 80 80 0.041666666666666664 0.041666666666666664 0.20833333333333331 0.875 T
255 255 255 0.041666666666666664 0.041666666666666664 0.2916666666666667 0.875 T
120 80 80 0.041666666666666664 0.041666666666666664 0.375 0.875 T
255 255 255 0.041666666666666664 0.041666666666666664 0.4583333333333333 0.875 T
120 80 80 0.041666666666666664 0.041666666666666664 0.5416666666666666 0.875 T
255 255 255 0.041666666666666664 0.041666666666666664 0.6249999999999999 0.875 T
120 80 80 0.041666666666666664 0.041666666666666664 0.7083333333333333 0.875 T
255 255 255 0.041666666666666664 0.041666666666666664 0.7916666666666666 0.875 T
120 80 80 0.041666666666666664 0.041666666666666664 0.8749999999999999 0.875 T
255 255 255 0.041666666666666664 0.041666666666666664 0.9583333333333333 0.875 T
255 255 255 0.041666666666666664 0.041666666666666664 0.041666666666666664 0.7916666666666667 T
120 80 80 0.041666666666666664 0.041666666666666664 0.125 0.7916666666666667 T
255 255 255 0.041666666666666664 0.041666666666666664 0.20833333333333331 0.7916666666666667 T
120 80 80 0.041666666666666664 0.041666666666666664 0.2916666666666667 0.7916666666666667 T
255 255 255 0.041666666666666664 0.041666666666666664 0.375 0.7916666666666667 T
120 80 80 0.041666666666666664 0.041666666666666664 0.4583333333333333 0.7916666666666667 T
255 255 255 0.041666666666666664 0.041666666666666664 0.5416666666666666 0.7916666666666667 T
120 80 80 0.041666666666666664 0.041666666666666664 0.6249999999999999 0.7916666666666667 T
255 255 255 0.041666666666666664 0.041666666666666664 0.7083333333333333 0.7916666666666667 T
120 80 80 0.041666666666666664 0.041666666666666664 0.7916666666666666 0.7916666666666667 T
255 255 255 0.041666666666666664 0.041666666666666664 0.8749999999999999 0.7916666666666667 T
120 80 80 0.041666666666666664 0.041666666666666664 0.9583333333333333 0.7916666666666667 T
120 80 80 0.041666666666666664 0.041666666666666664 0.041666666666666664 0.7083333333333333 T
255 255 255 0.041666666666666664 0.041666666666666664 0.125 0.7083333333333333 T
120 80 80 0.041666666666666664 0.041666666666666664 0.20833333333333331 0.7083333333333333 T
255 255 255 0.041666666666666664 0.041666666666666664 0.2916666666666667 0.7083333333333333 T
120 80 80 0.041666666666666664 0.041666666666666664 0.375 0.7083333333333333 T
255 255 255 0.041666666666666664 0.041666666666666664 0.4583333333333333 0.7083333333333333 T
120 80 80 0.041666666666666664 0.041666666666666664 0.5416666666666666 0.7083333333333333 T
255 255 255 0.041666666666666664 0.041666666666666664 0.6249999999999999 0.7083333333333333 T
120 80 80 0.041666666666666664 0.041666666666666664 0.7083333333333333 0.7083333333333333 T
255 255 255 0.041666666666666664 0.041666666666666664 0.7916666666666666 0.7083333333333333 T
120 80 80 0.041666666666666664 0.041666666666666664 0.8749999999999999 0.7083333333333333 T
255 255 255 0.041666666666666664 0.041666666666666664 0.9583333333333333 0.7083333333333333 T
255 255 255 0.041666666666666664 0.041666666666666664 0.041666666666666664 0.625 T
120 80 80 0.041666666666666664 0.041666666666666664 0.125 0.625 T
255 255 255 0.041666666666666664 0.041666666666666664 0.20833333333333331 0.625 T
120 80 80 0.041666666666666664 0.041666666666666664 0.2916666666666667 0.625 T
255 255 255 0.041666666666666664 0.041666666666666664 0.375 0.625 T
120 80 80 0.041666666666666664 0.041666666666666664 0.4583333333333333 0.625 T
255 255 255 0.041666666666666664 0.041666666666666664 0.5416666666666666 0.625 T
120 80 80 0.041666666666666664 0.041666666666666664 0.6249999999999999 0.625 T
255 255 255 0.041666666666666664 0.041666666666666664 0.7083333333333333 0.625 T
120 80 80 0.041666666666666664 0.041666666666666664 0.7916666666666666 0.625 T
255 255 255 0.041666666666666664 0.041666666666666664 0.8749999999999999 0.625 T
120 80 80 0.041666666666666664 0.041666666666666664 0.9583333333333333 0.625 T
120 80 80 0.041666666666666664 0.041666666666666664 0.041666666666666664 0.5416666666666667 T
255 255 255 0.041666666666666664 0.041666666666666664 0.125 0.5416666666666667 T
120 80 80 0.041666666666666664 0.041666666666666664 0.20833333333333331 0.5416666666666667 T
255 255 255 0.041666666666666664 0.041666666666666664 0.2916666666666667 0.5416666666666667 T
120 80 80 0.041666666666666664 0.041666666666666664 0.375 0.5416666666666667 T
255 255 255 0.041666666666666664 0.041666666666666664 0.4583333333333333 0.5416666666666667 T
120 80 80 0.041666666666666664 0.041666666666666664 0.5416666666666666 0.5416666666666667 T
255 255 255 0.041666666666666664 0.041666666666666664 0.6249999999999999 0.5416666666666667 T
120 80 80 0.041666666666666664 0.041666666666666664 0.7083333333333333 0.5416666666666667 T
255 255 255 0.041666666666666664 0.041666666666666664 0.7916666666666666 0.5416666666666667 T
120 80 80 0.041666666666666664 0.041666666666666664 0.8749999999999999 0.5416666666666667 T
255 255 255 0.041666666666666664 0.041666666666666664 0.9583333333333333 0.5416666666666667 T
255 255 255 0.041666666666666664 0.041666666666666664 0.041666666666666664 0.45833333333333337 T
120 80 80 0.041666666666666664 0.041666666666666664 0.125 0.45833333333333337 T
255 255 255 0.041666666666666664 0.041666666666666664 0.20833333333333331 0.45833333333333337 T
120 80 80 0.041666666666666664 0.041666666666666664 0.2916666666666667 0.45833333333333337 T
255 255 255 0.041666666666666664 0.041666666666666664 0.375 0.45833333333333337 T
120 80 80 0.041666666666666664 0.041666666666666664 0.4583333333333333 0.45833333333333337 T
255 255 255 0.041666666666666664 0.041666666666666664 0.5416666666666666 0.45833333333333337 T
120 80 80 0.041666666666666664 0.041666666666666664 0.6249999999999999 0.45833333333333337 T
255 255 255 0.041666666666666664 0.041666666666666664 0.7083333333333333 0.45833333333333337 T
120 80 80 0.041666666666666664 0.041666666666666664 0.7916666666666666 0.45833333333333337 T
255 255 255 0.041666666666666664 0.041666666666666664 0.8749999999999999 0.45833333333333337 T
120 80 80 0.041666666666666664 0.041666666666666664 0.9583333333333333 0.45833333333333337 T
120 80 80 0.041666666666666664 0.041666666666666664 0.041666666666666664 0.3750000000000001 T
255 255 255 0.041666666666666664 0.041666666666666664 0.125 0.3750000000000001 T
120 80 80 0.041666666666666664 0.041666666666666664 0.20833333333333331 0.3750000000000001 T
255 255 255 0.041666666666666664 0.041666666666666664 0.2916666666666667 0.3750000000000001 T
120 80 80 0.041666666666666664 0.041666666666666664 0.375 0.3750000000000001 T
255 255 255 0.041666666666666664 0.041666666666666664 0.4583333333333333 0.3750000000000001 T
120 80 80 0.041666666666666664 0.041666666666666664 0.5416666666666666 0.3750000000000001 T
255 255 255 0.041666666666666664 0.041666666666666664 0.6249999999999999 0.3750000000000001 T
120 80 80 0.041666666666666664 0.041666666666666664 0.7083333333333333 0.3750000000000001 T
255 255 255 0.041666666666666664 0.041666666666666664 0.7916666666666666 0.3750000000000001 T
120 80 80 0.041666666666666664 0.041666666666666664 0.8749999999999999 0.3750000000000001 T
255 255 255 0.041666666666666664 0.041666666666666664 0.9583333333333333 0.3750000000000001 T
255 255 255 0.041666666666666664 0.041666666666666664 0.041666666666666664 0.29166666666666674 T
120 80 80 0.041666666666666664 0.041666666666666664 0.125 0.29166666666666674 T
255 255 255 0.041666666666666664 0.041666666666666664 0.20833333333333331 0.29166666666666674 T
120 80 80 0.041666666666666664 0.041666666666666664 0.2916666666666667 0.29166666666666674 T
255 255 255 0.041666666666666664 0.041666666666666664 0.375 0.29166666666666674 T
120 80 80 0.041666666666666664 0.041666666666666664 0.4583333333333333 0.29166666666666674 T
255 255 255 0.041666666666666664 0.041666666666666664 0.5416666666666666 0.29166666666666674 T
120 80 80 0.041666666666666664 0.041666666666666664 0.6249999999999999 0.29166666666666674 T
255 255 255 0.041666666666666664 0.041666666666666664 0.7083333333333333 0.29166666666666674 T
120 80 80 0.041666666666666664 0.041666666666666664 0.7916666666666666 0.29166666666666674 T
255 255 255 0.041666666666666664 0.041666666666666664 0.8749999999999999 0.29166666666666674 T
120 80 80 0.041666666666666664 0.041666666666666664 0.9583333333333333 0.29166666666666674 T
120 80 80 0.041666666666666664 0.041666666666666664 0.041666666666666664 0.20833333333333337 T
255 255 255 0.041666666666666664 0.041666666666666664 0.125 0.20833333333333337 T
120 80 80 0.041666666666666664 0.041666666666666664 0.20833333333333331 0.20833333333333337 T
255 255 255 0.041666666666666664 0.041666666666666664 0.2916666666666667 0.20833333333333337 T
120 80 80 0.041666666666666664 0.041666666666666664 0.375 0.20833333333333337 T
255 255 255 0.041666666666666664 0.041666666666666664 0.4583333333333333 0.20833333333333337 T
120 80 80 0.041666666666666664 0.041666666666666664 0.5416666666666666 0.20833333333333337 T
255 255 255 0.041666666666666664 0.041666666666666664 0.6249999999999999 0.20833333333333337 T
120 80 80 0.041666666666666664 0.041666666666666664 0.7083333333333333 0.20833333333333337 T
255 255 255 0.041666666666666664 0.041666666666666664 0.7916666666666666 0.20833333333333337 T
120 80 80 0.041666666666666664 0.041666666666666664 0.8749999999999999 0.20833333333333337 T
255 255 255 0.041666666666666664 0.041666666666666664 0.9583333333333333 0.20833333333333337 T
255 255 255 0.041666666666666664 0.041666666666666664 0.041666666666666664 0.1250000000000001 T
120 80 80 0.041666666666666664 0.041666666666666664 0.125 0.1250000000000001 T
255 255 255 0.041666666666666664 0.041666666666666664 0.20833333333333331 0.1250000000000001 T
120 80 80 0.041666666666666664 0.041666666666666664 0.2916666666666667 0.1250000000000001 T
255 255 255 0.041666666666666664 0.041666666666666664 0.375 0.1250000000000001 T
120 80 80 0.041666666666666664 0.041666666666666664 0.4583333333333333 0.1250000000000001 T
255 255 255 0.041666666666666664 0.041666666666666664 0.5416666666666666 0.1250000000000001 T
120 80 80 0.041666666666666664 0.041666666666666664 0.6249999999999999 0.1250000000000001 T
255 255 255 0.041666666666666664 0.041666666666666664 0.7083333333333333 0.1250000000000001 T
120 80 80 0.041666666666666664 0.041666666666666664 0.7916666666666666 0.1250000000000001 T
255 255 255 0.041666666666666664 0.041666666666666664 0.8749999999999999 0.1250000000000001 T
120 80 80 0.041666666666666664 0.041666666666666664 0.9583333333333333 0.1250000000000001 T
120 80 80 0.041666666666666664 0.041666666666666664 0.041666666666666664 0.04166666666666674 T
255 255 255 0.041666666666666664 0.041666666666666664 0.125 0.04166666666666674 T
120 80 80 0.041666666666666664 0.041666666666666664 0.20833333333333331 0.04166666666666674 T
255 255 255 0.041666666666666664 0.041666666666666664 0.2916666666666667 0.04166666666666674 T
120 80 80 0.041666666666666664 0.041666666666666664 0.375 0.04166666666666674 T
255 255 255 0.041666666666666664 0.041666666666666664 0.4583333333333333 0.04166666666666674 T
120 80 80 0.041666666666666664 0.041666666666666664 0.5416666666666666 0.04166666666666674 T
255 255 255 0.041666666666666664 0.041666666666666664 0.6249999999999999 0.04166666666666674 T
120 80 80 0.041666666666666664 0.041666666666666664 0.7083333333333333 0.04166666666666674 T
255 255 255 0.041666666666666664 0.041666666666666664 0.7916666666666666 0.04166666666666674 T
120 80 80 0.041666666666666664 0.041666666666666664 0.8749999999999999 0.04166666666666674 T
255 255 255 0.041666666666666664 0.041666666666666664 0.9583333333333333 0.04166666666666674 T
