5 5
255 255 255 0.1 0.1 0.1 0.9 T
0 0 0 0.1 0.1 0.30000000000000004 0.9 T
255 255 255 0.1 0.1 0.5 0.9 T
0 0 0 0.1 0.1 0.7000000000000001 0.9 T
255 255 255 0.1 0.1 0.9 0.9 T
0 0 0 0.1 0.1 0.1 0.7 T
255 255 255 0.1 0.1 0.30000000000000004 0.7 T
0 0 0 0.1 0.1 0.5 0.7 T
255 255 255 0.1 0.1 0.7000000000000001 0.7 T
0 0 0 0.1 0.1 0.9 0.7 T
255 255 255 0.1 0.1 0.1 0.5 T
0 0 0 0.1 0.1 0.30000000000000004 0.5 T
255 255 255 0.1 0.1 0.5 0.5 T
0 0 0 0.1 0.1 0.7000000000000001 0.5 T
255 255 255 0.1 0.1 0.9 0.5 T
0 0 0 0.1 0.1 0.1 0.29999999999999993 T
255 255 255 0.1 0.1 0.30000000000000004 0.29999999999999993 T
0 0 0 0.1 0.1 0.5 0.29999999999999993 T
255 255 255 0.1 0.1 0.7000000000000001 0.29999999999999993 T
0 0 0 0.1 0.1 0.9 0.29999999999999993 T
255 255 255 0.1 0.1 0.1 0.09999999999999998 T
0 0 0 0.1 0.1 0.30000000000000004 0.09999999999999998 T
255 255 255 0.1 0.1 0.5 0.09999999999999998 T
0 0 0 0.1 0.1 0.7000000000000001 0.09999999999999998 T
255 255 255 0.1 0.1 0.9 0.09999999999999998 T
