4 6
186 114 65 0.03440939145684485 0.08401993335060262 0.08333333333333333 0.875 F
209 91 94 0.05437802753880983 0.11153619310815757 0.25 0.875 F
73 89 234 0.0035533532603037135 0.11488717317697124 0.41666666666666663 0.875 F
8 176 236 0.014987047714620533 0.023679211364651134 0.5833333333333334 0.875 T
111 253 208 0.011710352221170079 0.08364997982422759 0.75 0.875 F
55 66 101 0.05756015864380207 0.02609944804208479 0.9166666666666666 0.875 F
96 42 168 0.04909091474720925 0.1029315586586554 0.08333333333333333 0.625 T
202 255 208 0.05953885347558956 0.07585719133998643 0.25 0.625 T
125 199 64 0.010144230914041319 0.0692318383975968 0.41666666666666663 0.625 F
124 85 186 0.013163956097360874 0.00520549716209992 0.5833333333333334 0.625 T
187 250 17 0.03795449470051497 0.012347670896018667 0.75 0.625 F
119 168 168 0.07990667183034961 0.10967692444733378 0.9166666666666666 0.625 F
12 8 173 0.011769795407503928 0.11707236592590115 0.08333333333333333 0.375 F
70 231 150 0.018012620575472305 0.005373427132016065 0.25 0.375 T
218 4 125 0.038666123686280654 0.025084760221186303 0.41666666666666663 0.375 T
195 222 58 0.06291147807881678 0.06649462273812029 0.5833333333333334 0.375 T
12 141 185 0.08118245133456803 0.05618795533410478 0.75 0.375 F
145 69 227 0.027744810318585923 0.035389538838498324 0.9166666666666666 0.375 T
43 46 133 0.04026283066941217 0.019307857451715427 0.08333333333333333 0.125 F
224 175 46 0.07876473847979604 0.053667011758979394 0.25 0.125 F
129 54 139 0.05034140992592406 0.06491174591941098 0.41666666666666663 0.125 T
121 191 232 0.0778559928206106 0.019149919793435097 0.5833333333333334 0.125 F
97 3 154 0.01423969908283923 0.061756930045741176 0.75 0.125 F
84 101 215 0.07193399724278053 0.07970834612925017 0.9166666666666666 0.125 T
