4 6
33 108 143 0.03983801754334963 0.08133972089630376 0.08333333333333333 0.875 F
241 125 73 0.01863276855924545 0.09052463594811966 0.25 0.875 T
145 146 234 5.987601462737746E-4 0.06794859260525536 0.41666666666666663 0.875 F
220 173 140 0.03709314296264778 0.08866725511913207 0.5833333333333334 0.875 F
38 195 104 0.028644711264079387 0.04111360448949908 0.75 0.875 F
117 201 8 0.0305374026231718 0.0018638640008201285 0.9166666666666666 0.875 F
151 114 152 0.021933330399135503 0.10963826995147798 0.08333333333333333 0.625 F
35 177 64 0.014667034519800207 0.02498145544634335 0.25 0.625 F
35 114 68 0.06184327621833195 0.10466989509376846 0.41666666666666663 0.625 T
239 155 78 0.027558902401391416 0.044527578929207695 0.5833333333333334 0.625 T
64 250 61 0.06411156806758148 0.07599611496298556 0.75 0.625 F
170 191 162 0.028621298477270397 0.09050182004567638 0.9166666666666666 0.625 T
204 16 227 0.05707482275036206 0.06138980239197049 0.08333333333333333 0.375 F
71 122 4 0.0337408033075519 0.08595389392832621 0.25 0.375 T
41 72 252 0.0810296755924553 0.02988131821256415 0.41666666666666663 0.375 T
221 101 105 0.032518375293926954 0.12325224334478788 0.5833333333333334 0.375 T
210 223 146 0.056694143165692476 0.05608694541706152 0.75 0.375 T
5 32 151 0.0043264459253965675 0.027317060661046777 0.9166666666666666 0.375 T
70 185 217 0.07491839175705747 0.06397246579610236 0.08333333333333333 0.125 T
157 220 163 0.03741878482624265 0.12232162723731023 0.25 0.125 T
107 202 98 0.08062665591744231 0.009680743051512397 0.41666666666666663 0.125 F
21 234 184 0.07615825092375214 0.024615879191269646 0.5833333333333334 0.125 F
171 232 28 0.028138753170834446 0.02930224762878611 0.75 0.125 T
210 206 190 0.008927527737199514 0.06587612383040811 0.9166666666666666 0.125 F
