6 6
255 255 255 0.08333333333333333 0.08333333333333333 0.08333333333333333 0.9166666666666666 T
120 240 180 0.08333333333333333 0.08333333333333333 0.25 0.9166666666666666 T
255 255 255 0.08333333333333333 0.08333333333333333 0.41666666666666663 0.9166666666666666 T
120 240 180 0.08333333333333333 0.08333333333333333 0.5833333333333334 0.9166666666666666 T
255 255 255 0.08333333333333333 0.08333333333333333 0.75 0.9166666666666666 T
120 240 180 0.08333333333333333 0.08333333333333333 0.9166666666666666 0.9166666666666666 T
120 240 180 0.08333333333333333 0.08333333333333333 0.08333333333333333 0.75 T
255 255 255 0.08333333333333333 0.08333333333333333 0.25 0.75 T
120 240 180 0.08333333333333333 0.08333333333333333 0.41666666666666663 0.75 T
255 255 255 0.08333333333333333 0.08333333333333333 0.5833333333333334 0.75 T
120 240 180 0.08333333333333333 0.08333333333333333 0.75 0.75 T
255 255 255 0.08333333333333333 0.08333333333333333 0.9166666666666666 0.75 T
255 255 255 0.08333333333333333 0.08333333333333333 0.08333333333333333 0.5833333333333334 T
120 240 180 0.08333333333333333 0.08333333333333333 0.25 0.5833333333333334 T
255 255 255 0.08333333333333333 0.08333333333333333 0.41666666666666663 0.5833333333333334 T
120 240 180 0.08333333333333333 0.08333333333333333 0.5833333333333334 0.5833333333333334 T
255 255 255 0.08333333333333333 0.08333333333333333 0.75 0.5833333333333334 T
120 240 180 0.08333333333333333 0.08333333333333333 0.9166666666666666 0.5833333333333334 T
120 240 180 0.08333333333333333 0.08333333333333333 0.08333333333333333 0.41666666666666663 T
255 255 255 0.08333333333333333 0.08333333333333333 0.25 0.41666666666666663 T
120 240 180 0.08333333333333333 0.08333333333333333 0.41666666666666663 0.41666666666666663 T
255 255 255 0.08333333333333333 0.08333333333333333 0.5833333333333334 0.41666666666666663 T
120 240 180 0.08333333333333333 0.08333333333333333 0.75 0.41666666666666663 T
255 255 255 0.08333333333333333 0.08333333333333333 0.9166666666666666 0.41666666666666663 T
255 255 255 0.08333333333333333 0.08333333333333333 0.08333333333333333 0.25 T
120 240 180 0.08333333333333333 0.08333333333333333 0.25 0.25 T
255 255 255 0.08333333333333333 0.08333333333333333 0.41666666666666663 0.25 T
120 240 180 0.08333333333333333 0.08333333333333333 0.5833333333333334 0.25 T
255 255 255 0.08333333333333333 0.08333333333333333 0.75 0.25 T
120 240 180 0.08333333333333333 0.08333333333333333 0.9166666666666666 0.25 T
120 240 180 0.08333333333333333 0.08333333333333333 0.08333333333333333 0.08333333333333337 T
255 255 255 0.08333333333333333 0.08333333333333333 0.25 0.08333333333333337 T
120 240 180 0.08333333333333333 0.08333333333333333 0.41666666666666663 0.08333333333333337 T
255 255 255 0.08333333333333333 0.08333333333333333 0.5833333333333334 0.08333333333333337 T
120 240 180 0.08333333333333333 0.08333333333333333 0.75 0.08333333333333337 T
255 255 255 0.08333333333333333 0.08333333333333333 0.9166666666666666 0.08333333333333337 T
