8 5
255 0 0 0.1 0.0625 0.1 0.9375 T
255 0 51 0.1 0.0625 0.30000000000000004 0.9375 T
255 0 102 0.1 0.0625 0.5 0.9375 T
255 0 153 0.1 0.0625 0.7000000000000001 0.9375 T
255 0 204 0.1 0.0625 0.9 0.9375 T
223 0 0 0.1 0.0625 0.1 0.8125 T
223 0 51 0.1 0.0625 0.30000000000000004 0.8125 T
223 0 102 0.1 0.0625 0.5 0.8125 T
223 0 153 0.1 0.0625 0.7000000000000001 0.8125 T
223 0 204 0.1 0.0625 0.9 0.8125 T
191 0 0 0.1 0.0625 0.1 0.6875 T
191 0 51 0.1 0.0625 0.30000000000000004 0.6875 T
191 0 102 0.1 0.0625 0.5 0.6875 T
191 0 153 0.1 0.0625 0.7000000000000001 0.6875 T
191 0 204 0.1 0.0625 0.9 0.6875 T
159 0 0 0.1 0.0625 0.1 0.5625 T
159 0 51 0.1 0.0625 0.30000000000000004 0.5625 T
159 0 102 0.1 0.0625 0.5 0.5625 T
159 0 153 0.1 0.0625 0.7000000000000001 0.5625 T
159 0 204 0.1 0.0625 0.9 0.5625 T
127 0 0 0.1 0.0625 0.1 0.4375 T
127 0 51 0.1 0.0625 0.30000000000000004 0.4375 T
127 0 102 0.1 0.0625 0.5 0.4375 T
127 0 153 0.1 0.0625 0.7000000000000001 0.4375 T
127 0 204 0.1 0.0625 0.9 0.4375 T
95 0 0 0.1 0.0625 0.1 0.3125 T
95 0 51 0.1 0.0625 0.30000000000000004 0.3125 T
95 0 102 0.1 0.0625 0.5 0.3125 T
95 0 153 0.1 0.0625 0.7000000000000001 0.3125 T
95 0 204 0.1 0.0625 0.9 0.3125 T
63 0 0 0.1 0.0625 0.1 0.1875 T
63 0 51 0.1 0.0625 0.30000000000000004 0.1875 T
63 0 102 0.1 0.0625 0.5 0.1875 T
63 0 153 0.1 0.0625 0.7000000000000001 0.1875 T
63 0 204 0.1 0.0625 0.9 0.1875 T
31 0 0 0.1 0.0625 0.1 0.0625 T
31 0 51 0.1 0.0625 0.30000000000000004 0.0625 T
31 0 102 0.1 0.0625 0.5 0.0625 T
31 0 153 0.1 0.0625 0.7000000000000001 0.0625 T
31 0 204 0.1 0.0625 0.9 0.0625 T
