10 10
255 0 0 0.05 0.05 0.05 0.95 T
255 0 25 0.05 0.05 0.15000000000000002 0.95 T
255 0 50 0.05 0.05 0.25 0.95 T
255 0 75 0.05 0.05 0.35000000000000003 0.95 T
255 0 100 0.05 0.05 0.45 0.95 T
255 0 125 0.05 0.05 0.55 0.95 T
255 0 150 0.05 0.05 0.6500000000000001 0.95 T
255 0 175 0.05 0.05 0.7500000000000001 0.95 T
255 0 200 0.05 0.05 0.8500000000000001 0.95 T
255 0 225 0.05 0.05 0.9500000000000001 0.95 T
230 0 0 0.05 0.05 0.05 0.85 T
230 0 25 0.05 0.05 0.15000000000000002 0.85 T
230 0 50 0.05 0.05 0.25 0.85 T
230 0 75 0.05 0.05 0.35000000000000003 0.85 T
230 0 100 0.05 0.05 0.45 0.85 T
230 0 125 0.05 0.05 0.55 0.85 T
230 0 150 0.05 0.05 0.6500000000000001 0.85 T
230 0 175 0.05 0.05 0.7500000000000001 0.85 T
230 0 200 0.05 0.05 0.8500000000000001 0.85 T
230 0 225 0.05 0.05 0.9500000000000001 0.85 T
205 0 0 0.05 0.05 0.05 0.75 T
205 0 25 0.05 0.05 0.15000000000000002 0.75 T
205 0 50 0.05 0.05 0.25 0.75 T
205 0 75 0.05 0.05 0.35000000000000003 0.75 T
205 0 100 0.05 0.05 0.45 0.75 T
205 0 125 0.05 0.05 0.55 0.75 T
205 0 150 0.05 0.05 0.6500000000000001 0.75 T
205 0 175 0.05 0.05 0.7500000000000001 0.75 T
205 0 200 0.05 0.05 0.8500000000000001 0.75 T
205 0 225 0.05 0.05 0.9500000000000001 0.75 T
180 0 0 0.05 0.05 0.05 0.6499999999999999 T
180 0 25 0.05 0.05 0.15000000000000002 0.6499999999999999 T
180 0 50 0.05 0.05 0.25 0.6499999999999999 T
180 0 75 0.05 0.05 0.35000000000000003 0.6499999999999999 T
180 0 100 0.05 0.05 0.45 0.6499999999999999 T
180 0 125 0.05 0.05 0.55 0.6499999999999999 T
180 0 150 0.05 0.05 0.6500000000000001 0.6499999999999999 T
180 0 175 0.05 0.05 0.7500000000000001 0.6499999999999999 T
180 0 200 0.05 0.05 0.8500000000000001 0.6499999999999999 T
180 0 225 0.05 0.05 0.9500000000000001 0.6499999999999999 T
155 0 0 0.05 0.05 0.05 0.55 T
155 0 25 0.05 0.05 0.15000000000000002 0.55 T
155 0 50 0.05 0.05 0.25 0.55 T
155 0 75 0.05 0.05 0.35000000000000003 0.55 T
155 0 100 0.05 0.05 0.45 0.55 T
155 0 125 0.05 0.05 0.55 0.55 T
155 0 150 0.05 0.05 0.6500000000000001 0.55 T
155 0 175 0.05 0.05 0.7500000000000001 0.55 T
155 0 200 0.05 0.05 0.8500000000000001 0.55 T
155 0 225 0.05 0.05 0.9500000000000001 0.55 T
130 0 0 0.05 0.05 0.05 0.44999999999999996 T
130 0 25 0.05 0.05 0.15000000000000002 0.44999999999999996 T
130 0 50 0.05 0.05 0.25 0.44999999999999996 T
130 0 75 0.05 0.05 0.35000000000000003 0.44999999999999996 T
130 0 100 0.05 0.05 0.45 0.44999999999999996 T
130 0 125 0.05 0.05 0.55 0.44999999999999996 T
130 0 150 0.05 0.05 0.6500000000000001 0.44999999999999996 T
130 0 175 0.05 0.05 0.7500000000000001 0.44999999999999996 T
130 0 200 0.05 0.05 0.8500000000000001 0.44999999999999996 T
130 0 225 0.05 0.05 0.9500000000000001 0.44999999999999996 T
105 0 0 0.05 0.05 0.05 0.34999999999999987 T
105 0 25 0.05 0.05 0.15000000000000002 0.34999999999999987 T
105 0 50 0.05 0.05 0.25 0.34999999999999987 T
105 0 75 0.05 0.05 0.35000000000000003 0.34999999999999987 T
105 0 100 0.05 0.05 0.45 0.34999999999999987 T
105 0 125 0.05 0.05 0.55 0.34999999999999987 T
105 0 150 0.05 0.05 0.6500000000000001 0.34999999999999987 T
105 0 175 0.05 0.05 0.7500000000000001 0.34999999999999987 T
105 0 200 0.05 0.05 0.8500000000000001 0.34999999999999987 T
105 0 225 0.05 0.05 0.9500000000000001 0.34999999999999987 T
80 0 0 0.05 0.05 0.05 0.2499999999999999 T
80 0 25 0.05 0.05 0.15000000000000002 0.2499999999999999 T
80 0 50 0.05 0.05 0.25 0.2499999999999999 T
80 0 75 0.05 0.05 0.35000000000000003 0.2499999999999999 T
80 0 100 0.05 0.05 0.45 0.2499999999999999 T
80 0 125 0.05 0.05 0.55 0.2499999999999999 T
80 0 150 0.05 0.05 0.6500000000000001 0.2499999999999999 T
80 0 175 0.05 0.05 0.7500000000000001 0.2499999999999999 T
80 0 200 0.05 0.05 0.8500000000000001 0.2499999999999999 T
80 0 225 0.05 0.05 0.9500000000000001 0.2499999999999999 T
55 0 0 0.05 0.05 0.05 0.1499999999999999 T
55 0 25 0.05 0.05 0.15000000000000002 0.1499999999999999 T
55 0 50 0.05 0.05 0.25 0.1499999999999999 T
55 0 75 0.05 0.05 0.35000000000000003 0.1499999999999999 T
55 0 100 0.05 0.05 0.45 0.1499999999999999 T
55 0 125 0.05 0.05 0.55 0.1499999999999999 T
55 0 150 0.05 0.05 0.6500000000000001 0.1499999999999999 T
55 0 175 0.05 0.05 0.7500000000000001 0.1499999999999999 T
55 0 200 0.05 0.05 0.8500000000000001 0.1499999999999999 T
55 0 225 0.05 0.05 0.9500000000000001 0.1499999999999999 T
30 0 0 0.05 0.05 0.05 0.04999999999999993 T
30 0 25 0.05 0.05 0.15000000000000002 0.04999999999999993 T
30 0 50 0.05 0.05 0.25 0.04999999999999993 T
30 0 75 0.05 0.05 0.35000000000000003 0.04999999999999993 T
30 0 100 0.05 0.05 0.45 0.04999999999999993 T
30 0 125 0.05 0.05 0.55 0.04999999999999993 T
30 0 150 0.05 0.05 0.6500000000000001 0.04999999999999993 T
30 0 175 0.05 0.05 0.7500000000000001 0.04999999999999993 T
30 0 200 0.05 0.05 0.8500000000000001 0.04999999999999993 T
30 0 225 0.05 0.05 0.9500000000000001 0.04999999999999993 T
